x1,x2,x3,x4,x5,x6,x7,x8,x9,x10,x11,x12,x13,x14,x15,x16,x17,x18,x19,x20,x21,x22,x23,x24,x25,x26,x27,x28,x29,x30,x31,x32,x33,x34,x35,x36,x37,x38,x39,x40,x41,x42,x43,x44,x45,x46,x47,x48,x49,x50,x51,x52,x53,x54,x55,x56,x57,x58,x59,x60,x61,x62,x63,x64,x65,x66,x67,x68,x69,x70,x71,x72,x73,x74,x75,x76,x77,x78,x79,x80,x81,x82,x83,x84,x85,x86,x87,x88,x89,x90,x91,x92,x93,x94,x95,x96,x97,x98,x99,x100,x101
0.03760468907174143,0.03901518490604135,0.040431480722185886,0.041861200978445624,0.043313325658836506,0.04479823847911297,0.04632779749902666,0.04791543436427614,0.04957628901001582,0.05132738750907422,0.0531878719165501,0.05517929254008589,0.05732597516338285,0.059655478508276204,0.06219916081793618,0.06499287911207546,0.06807785070926939,0.07150171443319545,0.0753198390539843,0.07959693967569414,0.08440907992520714,0.08984616021773253,0.0960150218195823,0.10304333528205109,0.11108449333764543,0.12032379701112496,0.13098631569133162,0.14334692583621375,0.15774320086054266,0.17459205347374218,0.19441134517101688,0.21784810969703555,0.24571563669952545,0.27904249847210033,0.3191377781241665,0.36767841979134963,0.4268269881757924,0.49939151766795215,0.5890440301787554,0.7006214255026163,0.840542887149281,1.0173933588779367,1.2427455799069569,1.531807602853202,1.8958835280793238,2.3360789209329322,2.841037769288135,3.3808457596701254,3.902813305498442,4.338425654740782,4.658725334585712,4.873330475271831,5.008039695981991,5.098614038086901,5.1858890045519805,5.282749825992704,5.335846294643151,5.28202056529268,5.065209901369495,4.650958457994469,4.056051832250827,3.3842070729228015,2.732923352070348,2.16092560427497,1.6924431767107149,1.3241043335617013,1.0359297790808821,0.8104727701478791,0.6340836265311106,0.496083348193778,0.38811708433709874,0.3036483117258153,0.23756309870105016,0.18586049612357142,0.1454103108108152,0.11376359652047831,0.089004389173698,0.06963371003093334,0.05447881410892277,0.04262218953142257,0.03334600927289582,0.026088672277342344,0.020410802852735686,0.015968649867055672,0.012493275272728416,0.009774271985396458,0.007647025360359472,0.005982747047488571,0.004680677851518286,0.0036619875411397574,0.002865002287459906,0.0022414707900933403,0.001753643033666155,0.0013719848160045724,0.001073389680345544,0.000839779997877518,0.0006570125069659116,0.0005140220479180668,0.0004021516530424166,0.0003146284341299823,0.00024615353639400233
0.020732225185830084,0.023467446370918375,0.026288541739981738,0.029162994261991832,0.03205877276437359,0.034945804893329095,0.03779730072283934,0.04059086601631357,0.043309368478234196,0.04594154509003214,0.048482361455559404,0.05093315330278766,0.05330159497084722,0.055601549654276626,0.057852861806836325,0.060081154325500076,0.06231769315814946,0.06459938119971279,0.06696894323712174,0.06947536578869781,0.07217466153787427,0.07513103941538946,0.07841858028722691,0.08212354728086059,0.08634750259746266,0.09121146426821726,0.09686142404650125,0.1034756722544765,0.11127455289747977,0.12053352659749157,0.1316007858324529,0.1449212011896207,0.16106916245230904,0.1807940435938769,0.20508376796752367,0.23525459756878714,0.27307932604295265,0.32097233818814563,0.3822598455578999,0.4615792254644496,0.565476469372829,0.7033115355393347,0.8886486232052216,1.1408850956692094,1.4785940387990861,1.9122314374569511,2.439233794272811,3.0333665096909828,3.6348947873594684,4.155563425986779,4.551309521436612,4.828752640112019,5.018465232393621,5.166417497354558,5.327424518638367,5.523522769487665,5.691651100932655,5.750162999575599,5.618731680017213,5.238526781039154,4.615460246265197,3.8733573498070717,3.135849954582511,2.4805424023475724,1.9417131970181636,1.5181357324510112,1.1869601059949992,0.9280292025990653,0.7255831063965729,0.5672998681654117,0.4435455257755052,0.3467877298679485,0.27113728489696026,0.21198970127717312,0.16574494158803502,0.12958830309451094,0.10131909992556368,0.07921671759402166,0.06193588722147414,0.04842480529893432,0.03786111531517163,0.029601854753152076,0.023144320961817465,0.018095473991425613,0.014148014085812574,0.011061677780156416,0.00864861418499065,0.0067619513791120234,0.0052868570010704465,0.004133548939158164,0.0032318307132112875,0.002526818942412944,0.0019756028499997263,0.0015446324845103186,0.0012076766907907904,0.000944226541980154,0.0007382470568310801,0.0005772012252237739,0.00045128693886016687,0.00035284038267039975,0.0002758695741504051
0.07912599917139976,0.07826734383250754,0.07733179551370238,0.07634792841746446,0.07534312711564004,0.07434346533597978,0.07337367810198724,0.072457219541121,0.07161639880575099,0.07087258744135262,0.07024649309276451,0.0697584965935544,0.06942905220015375,0.06927915401468053,0.06933087555005071,0.06960799405065762,0.07013671679586776,0.07094653348592454,0.07207122737505739,0.07355008867886911,0.07542938778060561,0.07776418404683688,0.08062057023415288,0.08407848474105098,0.08823526742959456,0.09321019376271178,0.09915030273733587,0.10623794532197148,0.11470063443668897,0.12482399316938969,0.13696890144895543,0.15159437174622167,0.1692882991420073,0.19080911612169407,0.21714266667075452,0.2495804929608444,0.28982849945552996,0.34015908326828176,0.40362601056334346,0.4843706974945839,0.5880628952439518,0.7225409190050974,0.8987510798838924,1.1316915778786896,1.4342991257111877,1.811536957481161,2.257247487961951,2.7470361394373417,3.23244751597114,3.646816567048838,3.9644767288496565,4.2015461843124555,4.3920374626024525,4.581828880670555,4.826016057353851,5.149675276747182,5.48845795114845,5.747326357433642,5.816905436403561,5.597503602852822,5.061026672348172,4.336199805167463,3.5704328273525454,2.8654177845512265,2.273104672963699,1.800875286744579,1.4267498707742798,1.1303476752319601,0.8955219783611489,0.709480482244807,0.5620884432200115,0.4453165744628327,0.35280364484151255,0.27950994629741716,0.22144275214129636,0.1754388104090332,0.13899202344675352,0.1101169264473545,0.08724052783401152,0.06911661941813839,0.05475788831632201,0.043382132374314486,0.034369649144807626,0.027229477153054307,0.02157265041911897,0.01709100925771219,0.013540413058764682,0.010727440552946459,0.008498853049575952,0.006733246649262224,0.00533443867958901,0.00422622807519064,0.0033482442701742153,0.0026526584683314192,0.0021015781352309447,0.0016649827752831345,0.0013190885437551884,0.0010450526048056523,0.0008279466545149298,0.000655943690844104,0.0005196737292335142
0.044115036259593954,0.04915903736053107,0.05420907461771458,0.05919415319225365,0.06404867140424735,0.06871510804396334,0.07314614410730677,0.07730614843732332,0.08117201575612655,0.08473339773029195,0.08799240910030959,0.09096291956426768,0.09366955790887047,0.09614655916409544,0.09843658068670123,0.10058960195949704,0.1026620085830313,0.10471594633137914,0.10681901881300238,0.10904439440992898,0.11147138664277965,0.11418657865397112,0.1172855789444572,0.12087552410451179,0.12507848817843817,0.13003602208283613,0.1359151369941997,0.14291617306836382,0.1512831745799383,0.16131764756297964,0.173396940892634,0.18799901884967687,0.20573616243102885,0.22740127089348022,0.2540321250988993,0.28700151963831955,0.328145046402813,0.37994427994689195,0.44579241040820894,0.5303840217770134,0.6402940942500894,0.7848490962754746,0.9774549078409205,1.2370130793418113,1.5793929895717358,2.0087805372151024,2.512649815521655,3.0515426487299915,3.552431752315886,3.9222191239885875,4.138033006371498,4.240934945200514,4.292517404688823,4.362370466754955,4.52524731897402,4.818052093284893,5.172989980878013,5.4865604986012215,5.631116489205177,5.478631239895497,4.976851283989697,4.259256533391531,3.488074791751953,2.776431985625591,2.181763388996246,1.7119835250938429,1.3433572150741544,1.054103956516093,0.8271330504459641,0.6490337873327229,0.5092830674246845,0.3996236372090936,0.31357620472988185,0.24605660681014202,0.19307540827938158,0.15150218384915692,0.11888055509301686,0.09328305388188286,0.07319723679555228,0.05743632151331973,0.04506906508227498,0.035364740879502296,0.027749963199618557,0.02177480842299954,0.017086231013987388,0.013407203617689926,0.010520348735718582,0.008255094848794841,0.006477598098172206,0.005082834042490717,0.00398839222686454,0.003129606912666088,0.002455736264311002,0.0019269642380469773,0.0015120480275815664,0.0011864720644896387,0.0009309995014284466,0.000730535591693727,0.0005732358072291845,0.00044980599771716323,0.000352953240238604
0.06242422089849579,0.06578489579182716,0.06895045855916598,0.07190971502593595,0.07465844692350397,0.07719920774342917,0.07954095072979928,0.08169853854667564,0.08369218520012209,0.08554687908652231,0.0872918323763017,0.0889599971603918,0.09058768369491867,0.09221431140398573,0.09388231968738335,0.09563726357852283,0.09752811940049133,0.09960782824219741,0.10193411082995915,0.10457059681883281,0.10758832549716105,0.11106769453797315,0.11510096037920545,0.11979543041578211,0.1252775367939855,0.13169804901906307,0.13923877471308338,0.14812122461297664,0.15861789362359874,0.17106705530549468,0.18589231313722065,0.20362864333307346,0.2249573679573526,0.25075351407939095,0.28215049678508586,0.32062924297616724,0.36814210627158833,0.42728676629274626,0.5015526298438259,0.5956734390001677,0.7161370556439026,0.8719303172854092,1.0756393100770778,1.3444774455295274,1.6916172897158857,2.1181139310836725,2.6090418368109765,3.125238842239781,3.598667695137709,3.9455588004919933,4.1477507967802305,4.244549554757784,4.293070704759703,4.357371780566575,4.505862264396684,4.770612186403651,5.085887018855319,5.354405011535664,5.459629419504825,5.28783713159787,4.795842344326824,4.108364291374694,3.3742197318924902,2.696878461837999,2.1291692658050723,1.6786398225032648,1.3234418225684499,1.0434032567578346,0.8226204867094176,0.648555063223363,0.511321656618601,0.4031266600984763,0.317825583912967,0.2505741043396706,0.19755295024588607,0.15575100329581346,0.12279429387138532,0.09681118123351082,0.07632606138559124,0.060175566214664716,0.047442494785130955,0.037403724684665504,0.029489145261491066,0.023249280535150435,0.018329763057187826,0.014451209069660513,0.011393352053896019,0.008982533599665518,0.007081841190146404,0.005583332818740785,0.004401906866847354,0.003470469107512017,0.0027361223648107967,0.0021571624363441754,0.0017007096746187126,0.0013408417227232833,0.001057121360704089,0.0008334358577291158,0.0006570819158228184,0.0005180442383146359,0.0004084267522641073
0.054038551120709676,0.056696602438043454,0.05924877004457961,0.06169356372286392,0.06403358812707585,0.06627542593685125,0.06842946952907816,0.07050972536730273,0.07253361527120387,0.07452179800719494,0.07649803356366941,0.07848911137440409,0.0805248629592115,0.08263827927440788,0.08486575381914224,0.0872474745441617,0.08982799120555023,0.0926569904073123,0.09579031869869852,0.09929130540840878,0.10323245232167598,0.10769757808687597,0.11278453310792315,0.11860863804711685,0.12530704929887188,0.13304432263010757,0.14201953829231728,0.15247547676032586,0.16471050734976855,0.17909409170030752,0.1960871385098199,0.21626891576505256,0.24037289185772504,0.2693348257986501,0.3043577908857394,0.34700079328194877,0.39930053620969796,0.46394013869054146,0.5444849485935828,0.6457150868268888,0.774098738363133,0.9384721832744654,1.1510264817749527,1.4281535278399624,1.7818378393510776,2.2120510400392,2.7035787763610206,3.2187190151086007,3.693265153157576,4.04841117010899,4.265149196053561,4.377080753158096,4.434897088579749,4.496546899105842,4.623767690465359,4.842981042397761,5.090283839252502,5.276297330389497,5.300539995296327,5.071776736433669,4.5640206692051875,3.894325221507997,3.194902836918019,2.5554516962801843,2.0206933825593625,1.595777926716996,1.2602145448567976,0.9952141037167497,0.7859384866481458,0.6206697659206241,0.4901540831406365,0.38708349981101436,0.3056868053937086,0.24140637107351107,0.19064295536022235,0.15055417248044503,0.11889533924000933,0.0938937889272581,0.07414961474074175,0.058557285087941176,0.04624374177613049,0.03651951503977457,0.028840118197976872,0.022775560320759662,0.017986269833004706,0.014204080951228387,0.011217218330552784,0.008858439170216626,0.006995668820913572,0.005524605555394414,0.004362880422734049,0.0034454451801522543,0.0027209300597780847,0.002148767431521523,0.0016969203078833245,0.0013400885033276267,0.0010582920060582814,0.0008357522412182399,0.0006600085843064043,0.0005212206559245029,0.00041161733138344686
0.04720285276956721,0.04873114119506782,0.050230709233638836,0.05171052327169261,0.05318117758791007,0.05465486960648368,0.056145398930761425,0.05766819773842474,0.05924040027231335,0.06088095956550839,0.0626108202815135,0.06445315772736042,0.06643369482238595,0.06858111121127447,0.07092756196899783,0.07350932767518885,0.07636762332480164,0.07954960097088906,0.08310959067515826,0.08711063695540527,0.09162640439184154,0.09674354763710223,0.10256466947145118,0.10921202808343315,0.11683220463293051,0.12560200878122277,0.13573598937256626,0.14749603836467104,0.1612037404176231,0.17725634518191888,0.19614754830838607,0.21849469488799822,0.24507461483533527,0.2768711352259424,0.31513849413874834,0.3614865573641117,0.4179961400024078,0.48737619703390334,0.5731796769743699,0.680102196893433,0.814398563199684,0.9844683251546307,1.2016857871574436,1.4810455363503428,1.8332849570481629,2.2582796405271344,2.7426671258844326,3.253700521493562,3.7355332239850827,4.118202818274696,4.37949487854818,4.540860382576365,4.639868212586366,4.722609623802441,4.839539502595523,5.009636777050663,5.174098574415076,5.256172881769917,5.177156453198235,4.873936489439901,4.3408582395682345,3.6853549746324594,3.0201617569964716,2.419176058872473,1.9178971710735975,1.5187228844478227,1.2026292308749675,0.952324536467867,0.7541160645986555,0.5971609646801889,0.472873121894781,0.3744534600152087,0.29651800287469254,0.23480334785857,0.1859334395587826,0.14723488511323496,0.11659070818971211,0.09232454133220007,0.0731089214959693,0.05789267214523008,0.045843399403722285,0.036301956551894284,0.028746385884041204,0.022763365390868456,0.018025598278977206,0.0142739084373442,0.011303062396287167,0.008950542179471324,0.00708765487597509,0.005612492588007732,0.004444357633329051,0.0035193480371154815,0.0027868618208096315,0.00220682885761194,0.0017475188652783602,0.0013838056240611102,0.0010957924650948675,0.0008677238375681437,0.0006871234127520675,0.0005441115754930151,0.0004308649670365937
0.03769376652526203,0.03883830634575378,0.040003571253103665,0.041198451967419315,0.04243288914744753,0.04371795087689179,0.04506593658065083,0.04649051227993652,0.048006882880808115,0.049632008236184126,0.051384871089193686,0.05328680677674863,0.055361906849175996,0.05763751167527414,0.060144810824942184,0.06291957477686758,0.06600304758170827,0.06944303790959125,0.07329525593992285,0.07762495649452572,0.08250896558646377,0.0880381893809092,0.09432073309080989,0.1014857947914431,0.1096885485678331,0.11911629695322108,0.12999625996672654,0.14260548506807494,0.15728351991525566,0.17444870313944635,0.1946192187651973,0.21844045748820187,0.24672077546600696,0.2804784995149971,0.3210040841492032,0.3699428072002938,0.4294054807221533,0.5021176216815463,0.5916217691747279,0.7025537399260179,0.8410224604282583,1.015135924272807,1.2357348000703698,1.5169335540612623,1.8689560985825555,2.292329425912495,2.77599413980358,3.2918637083179396,3.7910990508723654,4.210542359513103,4.523919578780508,4.740537104268156,4.884537473139584,4.9894186370479074,5.093774156292908,5.209800101534499,5.285831417331266,5.259670384362354,5.074565002503616,4.693278014290456,4.127826587216877,3.4771861243414137,2.83725116699216,2.2679478125905415,1.7961031502391034,1.4209366075839636,1.1241341247597278,0.8893271689283628,0.7035662346458745,0.5566066840511069,0.44034375937086456,0.34836560891723284,0.27559967614770803,0.21803295029265485,0.17249065048915765,0.13646113794376813,0.1079574001031356,0.08540746774243621,0.06756772151984614,0.05345430688978365,0.04228887493605801,0.033455656754560824,0.026467504055650046,0.020939023139647416,0.016565320595430106,0.013105188556279599,0.010367802186878385,0.008202195773423925,0.006488937027629503,0.005133540445958456,0.004061256473607443,0.0032129490978109747,0.002541834521461488,0.0020109010562586473,0.001590867943573729,0.0012585705328531952,0.0009956827608255633,0.0007877064767738806,0.0006231718755852031,0.0004930049427940123,0.0003900270264781806
0.031139459351172554,0.032227385454704875,0.03335212001680195,0.03452173435580843,0.03574530291532412,0.037033008524439595,0.038396272966632686,0.03984791770899669,0.041402360562025474,0.04307585521200582,0.04488678205686141,0.04685600066379088,0.049007276558579206,0.051367798085871115,0.05396880292302176,0.05684633871492248,0.060042188522075185,0.06360499973117215,0.06759166528389177,0.07206901922029413,0.07711592551942714,0.08282586126824444,0.08931012393293852,0.09670183014438048,0.10516092291844038,0.11488046966338618,0.12609462021514475,0.13908871008996324,0.1542121496482529,0.17189494948785736,0.192669016445628,0.21719574158013724,0.24630193162297165,0.28102686562149937,0.3226842701603765,0.372944416312838,0.43394351775267437,0.508430396865545,0.5999643417400344,0.7131837274484433,0.8541730985804944,1.0309681669011295,1.2542553094156714,1.5378862108580014,1.8921462168675784,2.318366087167976,2.8072261472999744,3.333589207584344,3.852629903086123,4.304686949837635,4.659976675718577,4.918996080581884,5.095957096549603,5.214799207641874,5.30525160557203,5.375180459957229,5.379638426481504,5.2685484309173995,5.0016303997049985,4.559527327512278,3.9657652665082943,3.3136393000737665,2.6879049561546253,2.1390083679220875,1.6875481322092352,1.3300772077681464,1.0483288416243872,0.8262628317837497,0.651236749462545,0.5132861936134392,0.40455750811299274,0.31886066566180277,0.25131686365314193,0.19808076930831714,0.1561216012305754,0.12305058414257379,0.09698495364178522,0.07644076863544808,0.0602484291652083,0.04748608997099786,0.03742717896512165,0.029499032793451292,0.02325029456695222,0.018325217685444026,0.014443412845884252,0.011383885213126697,0.00897245297413021,0.00707183100196305,0.005573815083179499,0.004393121749212526,0.0034625330075347583,0.002729069557522909,0.0021509746285714015,0.001695336727495279,0.0013362159559749541,0.0010531672275158857,0.0008300763092626078,0.0006542424234223894,0.0005156551799265799,0.00040642467541950235,0.00032033231356924766
0.02838252076746701,0.029546666590722595,0.030748730820685657,0.03199610591858402,0.033297247736961265,0.034661781606882554,0.03610063247913607,0.037626184193372755,0.03925247386736737,0.04099542856626241,0.04287315289449213,0.04490627803520864,0.04711838515082408,0.0495365190902754,0.052191812202678066,0.055120242964332926,0.058363560389467856,0.06197041321274035,0.06599773312855578,0.07051243464425097,0.07559351127769612,0.08133463014283292,0.08784735608132703,0.09526517465750735,0.10374853357508126,0.11349118853548053,0.1247282278997479,0.13774626852291405,0.1528964735612755,0.17061125685833017,0.19142582857599252,0.21600613238444497,0.2451852671803551,0.28001123481216833,0.3218098937238548,0.3722684476211538,0.43354683295176794,0.5084272434243493,0.6005161162729182,0.7145187522135794,0.8566151631040873,1.0349779541288882,1.2604908796102392,1.5472929326547202,1.9060954156145626,2.338797534346853,2.8367434863524976,3.375440887687374,3.910456883946729,4.3817834290795705,4.757258439975882,5.033717234898191,5.2216002867094895,5.341431609590268,5.41996488845369,5.463847638237872,5.431058567486334,5.276790623780868,4.967871804864649,4.492640959951488,3.879935062277033,3.2217259470132324,2.5987029924042546,2.0572694628988026,1.614918502068642,1.266473266907732,0.9932108237891528,0.7789092484364281,0.6108467636158136,0.47904652482807036,0.37568435591185884,0.29462427543454756,0.23105424090562224,0.18120048716872728,0.1421035009852752,0.11144233278726644,0.0873968160598291,0.06853951515871673,0.05375098716383543,0.04215332738196883,0.03305805350058711,0.025925234592872073,0.02033143871231002,0.01594459632107126,0.012504287347259451,0.009806281633872534,0.007690415040238331,0.006031081474025365,0.004729776423770852,0.0037092493469380165,0.002908917776454014,0.002281270909208453,0.001789049179500945,0.0014030323859184136,0.0011003050662279916,0.0008628961461744778,0.0006767121064300191,0.0005307003363257089,0.00041619300777995775,0.00032639251922127893,0.00025596796345011283
0.02906553176880015,0.030349985016553442,0.0316660383627495,0.03302050763132719,0.034421376331573335,0.035877891027851945,0.037400678852353667,0.03900189260861754,0.04069538977571958,0.042496952825773184,0.04442455967951349,0.046498714933686604,0.048742854810097686,0.05118384173838048,0.053852568275082724,0.05678469491455691,0.0600215525704148,0.06361124850425838,0.06761002478643477,0.07208393170220619,0.0771108958158013,0.08278328494700568,0.08921110181587545,0.09652597689329716,0.10488618221726471,0.11448295591607907,0.12554851785440393,0.13836627838207627,0.15328390599973538,0.17073014174884077,0.19123655059255554,0.21546581447591603,0.24424874286897974,0.2786329683151349,0.31994739869293426,0.3698880474323571,0.4306330512329503,0.5049977953228422,0.5966455169996426,0.710375169895877,0.8525176324481162,1.0314849325571478,1.2585371574379938,1.5483825440681402,1.9122510687521392,2.352217913567054,2.8592580431565544,3.4076067523405276,3.9504181848202675,4.424560624334196,4.796998299100725,5.0659426040671764,5.244143378104286,5.354818385918848,5.427396163639532,5.46969456172703,5.4378316249179655,5.284605352370573,4.9745807139171285,4.494594487125323,3.8737968150728235,3.2070236190364407,2.5772674893022662,2.0318044916799205,1.5879551541293238,1.23985325057511,0.9680601363106733,0.7558478610909333,0.5901554745276631,0.4607851686082514,0.35977463697895706,0.28090702182167077,0.2193282872059042,0.1712484695352835,0.1337084180603015,0.10439766912197046,0.08151224489983205,0.06364362465648112,0.049692055032867784,0.03879886393519702,0.03029361216126497,0.02365283012693142,0.01846780007729903,0.014419400886270698,0.011258467226671048,0.008790454284041231,0.006863464178921526,0.005358897164263787,0.00418415221067955,0.0032669277251450588,0.0025507716316056465,0.00199160693593711,0.001555018935495997,0.0012141371101488578,0.0009479813323111898,0.0007401706107972567,0.0005779148960162675,0.00045122789552228893,0.00035231245136782633,0.00027508065130843766,0.0002147791383202434
0.03224175341427922,0.03365927384898674,0.03509570734598742,0.0365575228127808,0.03805251420123168,0.03958987459560074,0.041180290207241906,0.04283606038406692,0.04457125049230337,0.04640188550382007,0.04834619339920785,0.05042490916764106,0.05266165236394826,0.05508339401335305,0.057721032320043414,0.06061010137346442,0.06379164316728655,0.06731328115860596,0.07123054384224646,0.07560850011851124,0.08052378556206656,0.08606712135790406,0.09234645742192844,0.09949091046741511,0.10765571979093315,0.11702851283375279,0.127837265340675,0.14036046581268377,0.15494016297181612,0.17199880502594425,0.19206109449869255,0.21578251617046043,0.24398679669857476,0.27771539241142623,0.3182932774301687,0.36741696456046485,0.42727305177365965,0.5006989657574848,0.5914024441947856,0.7042633690132943,0.8457519035644927,1.0245121239415917,1.2521829603002317,1.54405623003957,1.9117751561757355,2.3572386661542932,2.870394200627988,3.4231740422206407,3.9650080107116303,4.4286419296257105,4.781700158912548,5.02718407982298,5.1839168847035735,5.281316349151282,5.354564664507483,5.413893114980276,5.410692597861931,5.290562437573014,5.009619654581162,4.546840473290012,3.927910165377211,3.2528467737767435,2.6110559771912465,2.0540906926936313,1.6012892055609453,1.2470233536149793,0.9711345327631802,0.7562827736876088,0.5889643653688311,0.45866312937810355,0.3571894644579591,0.27816561948799734,0.21662484357583384,0.16869921933784976,0.1313765592875645,0.10231108595513526,0.07967599673855888,0.06204864699673539,0.048321134993247895,0.03763066883889561,0.02930533890523274,0.022821887435146414,0.0177728211158648,0.013840799597060267,0.010778690239276738,0.008394035507815312,0.00653695676768907,0.00509073421751079,0.003964470898971053,0.0030873797054118235,0.0024043343205931264,0.0018724044583984564,0.001458157638811872,0.0011355579132961793,0.0008843294717437217,0.0006886822815795525,0.0005363196637859709,0.0004176654307175903,0.0003252620103187672,0.0002533017280717704,0.0001972617871397417
0.036624083885669734,0.038146450534918074,0.03967137457154161,0.041205444666031425,0.042756750761619854,0.04433492788443594,0.04595121852091898,0.04761856052595216,0.04935170810209821,0.05116739418300062,0.053084543645295156,0.05512454826258924,0.057311616321564444,0.05967321248894425,0.062240607034834736,0.06504955812048337,0.06814115685691902,0.07156287264472236,0.07536984645791565,0.07962649296337262,0.08440848964852404,0.08980525378472726,0.09592303787326134,0.10288881365142806,0.11085516712945609,0.12000649710655827,0.13056690357982978,0.14281027933498242,0.15707329029742356,0.17377216555230626,0.19342454130879408,0.2166780501584309,0.24434796898295966,0.27746710984593537,0.31735236589134935,0.3656940665119667,0.4246767857042151,0.4971438306088659,0.5868228316636629,0.6986374426165881,0.8391413248032078,1.0171271535263489,1.244488151952978,1.5369168197125975,1.9062545160373137,2.3540180989893384,2.8689711376509766,3.420732468619748,3.955283970408571,4.401960325356892,4.730098889517543,4.948466340673309,5.0825791015780295,5.168298869912219,5.246659535077713,5.330494386184791,5.366423648907867,5.292133857408758,5.0535972982068635,4.619446400646461,4.0096891758635245,3.3293660064808948,2.675367410474758,2.1048320187320826,1.6402118208150878,1.2767761163787474,0.9938699567139478,0.7736497246362704,0.6022255652124967,0.4687853169805279,0.36491256119123855,0.28405577668867255,0.22111511866515135,0.17212075836743107,0.13398249581406257,0.104294852955761,0.08118535400444553,0.06319642358211948,0.04919345370289297,0.03829324113688259,0.029808281516961313,0.023203406674777806,0.01806203021159636,0.014059872325525356,0.010944506652588663,0.008519439088440071,0.006631714401167028,0.0051622689524620955,0.004018421048539799,0.003128025267967917,0.002434922064874519,0.001895395642332644,0.001475416684910904,0.0011484960424592153,0.0008940139914604091,0.0006959196961754904,0.0005417188412609246,0.0004216855832502217,0.0003282491166583431,0.00025551616385957127,0.00019889927095056463
0.04057601317733175,0.04213984705863991,0.04369253711973717,0.045241262510979395,0.046794814260432825,0.04836361063226364,0.04995973169131322,0.05159698062639286,0.053290979789170585,0.0550593100295957,0.05692170284117818,0.058900296173219596,0.06101996664309971,0.0633087534349033,0.06579839258596415,0.06852498487489164,0.07152982644143115,0.07486043899506653,0.07857184654706774,0.0827281587529372,0.08740453815553462,0.09268965119461933,0.09868873259338182,0.10552743210403627,0.11335666496698175,0.12235875747219001,0.1327552731768794,0.1448170326619754,0.15887701288422776,0.1753470491163866,0.19473958862528173,0.2176961970350884,0.24502514818065563,0.2777513121388656,0.31718280486097167,0.3650006392374732,0.4233801624240494,0.4951567369200827,0.5840534624234935,0.6949965577917242,0.8345555718173363,1.0115627808664345,1.2379919256728773,1.5296708503008372,1.8984124828303657,2.3453197506153067,2.8582439407698277,3.405251033272444,3.930234351874214,4.360791172575983,4.668180561451883,4.865707126783473,4.983768992218591,5.062687495203781,5.147506801991698,5.253040971051164,5.322837098344535,5.288883292567788,5.089124874996411,4.683283410803904,4.085664975620722,3.4044124790522483,2.7422253002560377,2.1610266269359304,1.6862531114717838,1.3143215748202297,1.0244258055246496,0.7984714328138215,0.6223551042754518,0.4850841995095168,0.37809070576794424,0.294696429882989,0.22969616671582976,0.17903280682733422,0.1395441046263862,0.10876530106998694,0.08477528125260553,0.06607666453140112,0.051502342794776966,0.04014263329061039,0.03128849912567166,0.024387293440616,0.019008264952879765,0.014815671833313119,0.011547825770345898,0.009000758218903141,0.007015489333341908,0.0054681049517439195,0.004262022268522659,0.0033219614432582873,0.0025892468727808622,0.0020181448468678735,0.0015730089956872402,0.0012260553569051998,0.0009556281892330786,0.0007448482900168935,0.0005805594491580809,0.0004525072803739531,0.00035269917506015235,0.0002749054291133399,0.0002142704046390261
0.042696098778089456,0.0442345406486568,0.045756811170551845,0.04727078804254172,0.04878594916892616,0.050313376280587484,0.05186577981679223,0.053457552555164885,0.05510485981156063,0.05682577460161694,0.058640467048540514,0.06057145863804106,0.06264395378004113,0.06488626367892494,0.06733034092187067,0.07001244769947594,0.07297398647820236,0.07626252965173308,0.07993309474495434,0.08404972484713324,0.08868745108101947,0.09393473638334603,0.09989652946618058,0.1066980969892796,0.11448985405413373,0.1234534827620685,0.13380972218990048,0.14582833970075174,0.15984096562524414,0.1762577088168013,0.19558879469655194,0.21847291633234384,0.24571461491001162,0.2783338841013721,0.3176324333802769,0.3652828099823347,0.42344910718576156,0.4949516344729029,0.5834932283163495,0.6939726509346009,0.8329219937920038,1.0091220720182972,1.2344754088032421,1.5247078757376546,1.891445093008687,2.335484304816635,2.844261813355116,3.3853601281072963,3.90225952840632,4.32257204752148,4.618925816417306,4.806750257899318,4.918478181795833,4.996148693937819,5.086337979961989,5.204753441865208,5.293881794044486,5.2832693401340505,5.106942832656458,4.719807375619764,4.132514172532486,3.4539251026857323,2.789343816518727,2.2032505923795185,1.7229619457172312,1.3458523758769418,1.0512818476090005,0.8211848066858464,0.6414497579934215,0.5010538293936414,0.3913867560498887,0.30572282622135205,0.2388084037796545,0.18653973084265418,0.1457112506599921,0.11381901578279863,0.08890712484510951,0.06944777016265923,0.054247539654082536,0.04237422672648374,0.03309965948902385,0.025855043098747275,0.02019607645389091,0.015775703895506882,0.012322830821466998,0.00962569787442236,0.007518894068419001,0.005873212389340554,0.004587725728865947,0.003583597181245777,0.0027992450979860933,0.002186566380732332,0.0017079863927558952,0.0013341545646843127,0.0010421443695438064,0.0008140472743717206,0.0006358744376291258,0.0004966987952170497,0.00038798492056062563,0.0003030655601180884,0.00023673274104821465
0.042557415532877375,0.04403257977693682,0.04549584329006436,0.04695548847113044,0.04842129630222679,0.0499045584588331,0.051418112509782316,0.052976407143166176,0.054595604748161254,0.05629372932510528,0.0580908686685964,0.06000944116598157,0.06207453949092346,0.06431436608628528,0.06676077880205727,0.0694499696110844,0.07242330526986539,0.07572836652287633,0.07942023249963938,0.0835630700371018,0.0882321047377132,0.09351607294565646,0.09952028325635391,0.10637045507969282,0.11421755346229148,0.12324390840031367,0.13367099956382947,0.14576941251877956,0.1598716425273122,0.1763886542535465,0.19583142491475075,0.2188391398847488,0.2462163241712131,0.27898205386791974,0.3184356053642598,0.3662446232459437,0.42456435142619176,0.4962000195509322,0.5848296225586249,0.695311851821389,0.8341150123114698,1.0099192017238754,1.2344686314862725,1.523247591999618,1.8876396306882781,2.328315372368995,2.8327950857678865,3.369113600004318,3.881680559305633,4.299354794637664,4.595239844454961,4.7844479381811595,4.898792237120868,4.979600876421672,5.07278372680051,5.19381520958265,5.285696888158082,5.27847745172447,5.106469985092866,4.724475862897047,4.142454927682229,3.468131157967962,2.806184110150295,2.2211053540545014,1.7406002713187017,1.3625169713764802,1.0665587773822784,0.8348869404995176,0.6535375435448815,0.5115798320753895,0.40045736801394594,0.3134722941404469,0.2453816237194389,0.19208122180077272,0.15035843030634763,0.11769842648979774,0.0921326431111957,0.07212011392005105,0.056454592598234994,0.0441918467983257,0.03459274495779009,0.027078705471979728,0.021196822944607126,0.016592569515922754,0.012988425853260899,0.01016715379638863,0.007958702423778876,0.006229958308761139,0.004876722166786759,0.0038174282897823473,0.002988228209283545,0.002339142258325712,0.0018310470691918742,0.0014333174297812632,0.0011219803625373075,0.0008782701638613673,0.0006874973096540484,0.0005381630507673285,0.0004212663310012598,0.0003297612524349782,0.00025813238705554257
